-4.760000000000000000e+02 -4.123333454132080078e+00
-3.287158813476562500e+02 -3.973583936691284180e+00
-3.092575988769531250e+02 -3.794864177703857422e+00
-4.924622344970703125e+01 -3.605316877365112305e+00
1.079317188262939453e+01 -3.266674041748046875e+00
2.646000976562500000e+02 -3.134345769882202148e+00
4.200434875488281250e+02 -2.616733312606811523e+00
4.626275939941406250e+02 -2.762640476226806641e+00
5.646111450195312500e+02 -2.428230047225952148e+00
5.825997314453125000e+02 -2.380849599838256836e+00
1.157800048828125000e+03 -1.541100382804870605e+00
1.399064086914062500e+03 -1.326000928878784180e+00
1.850814819335937500e+03 -6.362069845199584961e-01
1.985065063476562500e+03 -2.062253057956695557e-01
1.993537841796875000e+03 -4.355992004275321960e-02
2.014901611328125000e+03 -1.394618768244981766e-02
