-4.760000000000000000e+02 -4.086081027984619141e+00
-3.301411743164062500e+02 -3.946688652038574219e+00
-2.886733398437500000e+02 -3.748209953308105469e+00
-7.589553070068359375e+01 -3.651446342468261719e+00
1.201108245849609375e+02 -2.937148332595825195e+00
1.828245391845703125e+02 -3.495784759521484375e+00
4.089742126464843750e+02 -2.622825860977172852e+00
4.669841613769531250e+02 -2.744394063949584961e+00
5.565380859375000000e+02 -2.451505422592163086e+00
7.106347656250000000e+02 -2.196246385574340820e+00
1.107029174804687500e+03 -1.599925756454467773e+00
1.396065429687500000e+03 -1.315559148788452148e+00
1.852417480468750000e+03 -6.357076168060302734e-01
1.985556884765625000e+03 -2.150023281574249268e-01
1.997298950195312500e+03 6.887401919811964035e-03
