-4.760000000000000000e+02 -4.116680622100830078e+00
-3.218630065917968750e+02 -3.980668783187866211e+00
-3.096038818359375000e+02 -3.771017074584960938e+00
-6.188536453247070312e+01 -3.640794992446899414e+00
-4.369174480438232422e+00 -3.329607248306274414e+00
2.903275146484375000e+02 -3.049495935440063477e+00
4.423332519531250000e+02 -2.536319494247436523e+00
4.598285217285156250e+02 -2.775613307952880859e+00
5.658878784179687500e+02 -2.423868894577026367e+00
1.152487304687500000e+03 -1.539944887161254883e+00
1.393461303710937500e+03 -1.335105419158935547e+00
1.854062011718750000e+03 -6.156663298606872559e-01
1.986517944335937500e+03 -2.148616611957550049e-01
1.991925048828125000e+03 -3.669213876128196716e-02
2.014901611328125000e+03 1.038334611803293228e-02
