-4.760000000000000000e+02 -4.117269992828369141e+00
-3.236818542480468750e+02 -3.961607694625854492e+00
-3.062211608886718750e+02 -3.786882877349853516e+00
-6.763862609863281250e+01 -3.644391775131225586e+00
8.752764129638671875e+01 -3.006905794143676758e+00
2.050319671630859375e+02 -3.365122318267822266e+00
4.025932922363281250e+02 -2.636350154876708984e+00
4.718876342773437500e+02 -2.741770029067993164e+00
5.679422607421875000e+02 -2.414265632629394531e+00
1.126038085937500000e+03 -1.577316045761108398e+00
1.409857788085937500e+03 -1.298267960548400879e+00
1.845248657226562500e+03 -6.445382833480834961e-01
1.986438110351562500e+03 -2.097782790660858154e-01
1.993644165039062500e+03 -2.108264528214931488e-02
2.014901611328125000e+03 -3.413433209061622620e-02
