-4.760000000000000000e+02 -4.111286163330078125e+00
-3.235151672363281250e+02 -3.955386877059936523e+00
-3.136996154785156250e+02 -3.865623235702514648e+00
-3.065852355957031250e+02 -3.775977849960327148e+00
-6.391679000854492188e+01 -3.640037298202514648e+00
4.808299636840820312e+01 -3.145844221115112305e+00
2.275189819335937500e+02 -3.253296136856079102e+00
4.162471008300781250e+02 -2.601589918136596680e+00
4.350126342773437500e+02 -2.705199480056762695e+00
4.807582702636718750e+02 -2.713096380233764648e+00
5.669620971679687500e+02 -2.411528825759887695e+00
1.053988403320312500e+03 -1.687838196754455566e+00
1.444903198242187500e+03 -1.238138794898986816e+00
1.841907714843750000e+03 -6.542451381683349609e-01
1.975418457031250000e+03 -2.495662271976470947e-01
2.014901611328125000e+03 4.958700761198997498e-02
