-4.760000000000000000e+02 -4.088289260864257812e+00
-3.533425598144531250e+02 -4.036356925964355469e+00
-2.968831481933593750e+02 -3.773994684219360352e+00
-5.984077835083007812e+01 -3.624231576919555664e+00
5.402445983886718750e+01 -3.141010999679565430e+00
2.350935516357421875e+02 -3.265149831771850586e+00
4.094874267578125000e+02 -2.629010915756225586e+00
4.701017456054687500e+02 -2.732520818710327148e+00
5.806140136718750000e+02 -2.391587734222412109e+00
1.152954956054687500e+03 -1.542019128799438477e+00
1.358417602539062500e+03 -1.370756268501281738e+00
1.852306152343750000e+03 -6.255108118057250977e-01
1.985633422851562500e+03 -2.128807008266448975e-01
1.993618286132812500e+03 -1.630132272839546204e-02
