-4.760000000000000000e+02 -4.115302085876464844e+00
-3.253209838867187500e+02 -3.963649511337280273e+00
-3.104481201171875000e+02 -3.808098077774047852e+00
-2.570076370239257812e+01 -3.570502758026123047e+00
-1.274953174591064453e+01 -3.276957988739013672e+00
2.528097076416015625e+02 -3.167749166488647461e+00
4.178303527832031250e+02 -2.605498790740966797e+00
4.636976013183593750e+02 -2.763683080673217773e+00
5.627889404296875000e+02 -2.427424907684326172e+00
1.091692138671875000e+03 -1.628685832023620605e+00
1.445995849609375000e+03 -1.244473934173583984e+00
1.857202148437500000e+03 -6.166537404060363770e-01
1.981152832031250000e+03 -2.188261896371841431e-01
2.014901611328125000e+03 4.958700761198997498e-02
