-4.760000000000000000e+02 -4.112825393676757812e+00
-3.229098815917968750e+02 -3.964177131652832031e+00
-3.117805175781250000e+02 -3.803881168365478516e+00
-6.121974182128906250e+01 -3.598051786422729492e+00
5.773946380615234375e+01 -3.143402099609375000e+00
2.150651550292968750e+02 -3.292117357254028320e+00
4.148807067871093750e+02 -2.633944511413574219e+00
4.657411804199218750e+02 -2.740157842636108398e+00
5.679120483398437500e+02 -2.434901237487792969e+00
9.136528930664062500e+02 -1.871413707733154297e+00
1.490493164062500000e+03 -1.175713896751403809e+00
1.598238281250000000e+03 -1.006634235382080078e+00
1.844134399414062500e+03 -6.542326807975769043e-01
1.968930053710937500e+03 -2.815582454204559326e-01
2.014901611328125000e+03 3.331455960869789124e-02
