-4.760000000000000000e+02 -4.115166187286376953e+00
-3.245747375488281250e+02 -3.956937551498413086e+00
-3.066960754394531250e+02 -3.781411886215209961e+00
-4.376995468139648438e+01 -3.577947616577148438e+00
7.576392650604248047e+00 -3.284454345703125000e+00
2.762506103515625000e+02 -3.103324890136718750e+00
4.120743713378906250e+02 -2.615315675735473633e+00
4.670373229980468750e+02 -2.741353034973144531e+00
5.734232177734375000e+02 -2.396087646484375000e+00
1.134976074218750000e+03 -1.567025542259216309e+00
1.443919433593750000e+03 -1.267372608184814453e+00
1.713807983398437500e+03 -8.274775147438049316e-01
1.858843994140625000e+03 -6.340053081512451172e-01
1.986132324218750000e+03 -2.050616145133972168e-01
1.995040405273437500e+03 -7.714294362813234329e-03
