-4.760000000000000000e+02 -4.101365566253662109e+00
-4.535246887207031250e+02 -4.027478694915771484e+00
-3.770119628906250000e+02 -4.115416049957275391e+00
-2.706994323730468750e+02 -3.703284502029418945e+00
-1.412988128662109375e+02 -3.722006320953369141e+00
-3.475949478149414062e+01 -3.526382207870483398e+00
2.029951858520507812e+01 -3.267934560775756836e+00
2.926351318359375000e+02 -3.044325590133666992e+00
4.115158996582031250e+02 -2.630713462829589844e+00
4.734717102050781250e+02 -2.727896451950073242e+00
5.830650634765625000e+02 -2.388514041900634766e+00
1.143942871093750000e+03 -1.556303143501281738e+00
1.317273559570312500e+03 -1.412607550621032715e+00
1.856831420898437500e+03 -6.329120397567749023e-01
1.985794189453125000e+03 -2.089381664991378784e-01
1.996295654296875000e+03 1.857517287135124207e-03
