-4.760000000000000000e+02 -4.102820396423339844e+00
-3.851248474121093750e+02 -4.066792964935302734e+00
-2.700781860351562500e+02 -3.730305194854736328e+00
-7.224021148681640625e+01 -3.649692296981811523e+00
7.146188354492187500e+01 -3.140932798385620117e+00
2.320204467773437500e+02 -3.279320001602172852e+00
4.079639282226562500e+02 -2.630262851715087891e+00
4.751524658203125000e+02 -2.732067108154296875e+00
5.666021118164062500e+02 -2.410964727401733398e+00
1.117184570312500000e+03 -1.593887448310852051e+00
1.405053710937500000e+03 -1.301994800567626953e+00
1.847535156250000000e+03 -6.452437043190002441e-01
1.985098999023437500e+03 -2.230407446622848511e-01
1.993729370117187500e+03 -2.681592851877212524e-02
2.014901611328125000e+03 -1.973047852516174316e-02
