-4.760000000000000000e+02 -4.092370510101318359e+00
-3.270660705566406250e+02 -3.971304893493652344e+00
-3.103381347656250000e+02 -3.782682180404663086e+00
-6.609388732910156250e+01 -3.657367706298828125e+00
2.060335731506347656e+01 -3.254944562911987305e+00
2.676672668457031250e+02 -3.134085178375244141e+00
4.146351013183593750e+02 -2.605672359466552734e+00
4.461688537597656250e+02 -2.790378093719482422e+00
5.735325927734375000e+02 -2.419016838073730469e+00
1.090119628906250000e+03 -1.632509469985961914e+00
1.436569335937500000e+03 -1.258004546165466309e+00
1.833131958007812500e+03 -6.662334799766540527e-01
1.971037841796875000e+03 -2.781908214092254639e-01
2.014901611328125000e+03 4.341157525777816772e-02
