-4.760000000000000000e+02 -4.099967479705810547e+00
-3.234039001464843750e+02 -3.979972839355468750e+00
-3.094959411621093750e+02 -3.801780700683593750e+00
-4.362268447875976562e+01 -3.583316564559936523e+00
-2.379691839218139648e+00 -3.265334367752075195e+00
2.827268981933593750e+02 -3.078511476516723633e+00
4.168690795898437500e+02 -2.608461380004882812e+00
4.441686401367187500e+02 -2.810589313507080078e+00
5.655397949218750000e+02 -2.428580522537231445e+00
1.139456909179687500e+03 -1.556894659996032715e+00
1.391111572265625000e+03 -1.334925651550292969e+00
1.842678710937500000e+03 -6.400408148765563965e-01
1.985041870117187500e+03 -2.320073843002319336e-01
1.996563598632812500e+03 4.884837660938501358e-03
