-4.760000000000000000e+02 -4.111807346343994141e+00
-3.300867919921875000e+02 -3.965529680252075195e+00
-2.840690917968750000e+02 -3.718234777450561523e+00
-6.430690765380859375e+01 -3.653301477432250977e+00
4.939658737182617188e+01 -3.120345592498779297e+00
2.479337615966796875e+02 -3.249922752380371094e+00
4.124155578613281250e+02 -2.619084835052490234e+00
4.635394287109375000e+02 -2.748676538467407227e+00
5.639863281250000000e+02 -2.442437410354614258e+00
9.239428710937500000e+02 -1.850649952888488770e+00
1.467022338867187500e+03 -1.206767797470092773e+00
1.854555175781250000e+03 -6.290508508682250977e-01
1.987108520507812500e+03 -2.047628164291381836e-01
1.994007324218750000e+03 -5.154255777597427368e-03
