-4.760000000000000000e+02 -4.080755710601806641e+00
-3.229750061035156250e+02 -3.944550752639770508e+00
-3.058339843750000000e+02 -3.785234212875366211e+00
-5.622350311279296875e+01 -3.627669811248779297e+00
6.827840423583984375e+01 -3.055627346038818359e+00
2.075470886230468750e+02 -3.323005437850952148e+00
4.150193176269531250e+02 -2.629237174987792969e+00
4.670008239746093750e+02 -2.754568576812744141e+00
5.668272705078125000e+02 -2.433326005935668945e+00
9.745692749023437500e+02 -1.784218549728393555e+00
1.425630615234375000e+03 -1.267633199691772461e+00
1.850929199218750000e+03 -6.392787694931030273e-01
1.970574951171875000e+03 -2.686001062393188477e-01
2.014901611328125000e+03 6.010751053690910339e-02
