-4.760000000000000000e+02 -4.105658531188964844e+00
-3.255659179687500000e+02 -3.957254886627197266e+00
-3.080020751953125000e+02 -3.794248819351196289e+00
-6.520736694335937500e+01 -3.622295141220092773e+00
8.322830200195312500e+01 -3.043941020965576172e+00
2.020695190429687500e+02 -3.365751028060913086e+00
4.114176025390625000e+02 -2.623419046401977539e+00
4.682517089843750000e+02 -2.756487607955932617e+00
5.634608764648437500e+02 -2.418887853622436523e+00
1.084176879882812500e+03 -1.632385492324829102e+00
1.422369506835937500e+03 -1.291203022003173828e+00
1.853831176757812500e+03 -6.254309415817260742e-01
1.986836914062500000e+03 -2.059266567230224609e-01
1.995982543945312500e+03 6.601099390536546707e-03
