-4.760000000000000000e+02 -4.077061653137207031e+00
-3.292018127441406250e+02 -3.966679334640502930e+00
-3.052928161621093750e+02 -3.789556264877319336e+00
-6.676715087890625000e+01 -3.626013755798339844e+00
6.710112762451171875e+01 -3.112453460693359375e+00
2.155605316162109375e+02 -3.294764518737792969e+00
4.171574096679687500e+02 -2.593763828277587891e+00
4.599663391113281250e+02 -2.770830154418945312e+00
5.642120361328125000e+02 -2.434593200683593750e+00
1.076804687500000000e+03 -1.641275644302368164e+00
1.409900512695312500e+03 -1.303490638732910156e+00
1.861718261718750000e+03 -6.080327033996582031e-01
1.970984619140625000e+03 -2.713258564472198486e-01
2.014901611328125000e+03 4.958700761198997498e-02
