-4.760000000000000000e+02 -4.066214084625244141e+00
-3.698934020996093750e+02 -4.095611095428466797e+00
-2.735986022949218750e+02 -3.719470262527465820e+00
-6.371245193481445312e+01 -3.631533861160278320e+00
1.191027069091796875e+02 -2.864814996719360352e+00
1.749666900634765625e+02 -3.495057821273803711e+00
4.099515991210937500e+02 -2.624136924743652344e+00
4.654891357421875000e+02 -2.746021986007690430e+00
5.769911499023437500e+02 -2.395342826843261719e+00
1.108766357421875000e+03 -1.598637700080871582e+00
1.433977905273437500e+03 -1.265953660011291504e+00
1.861908081054687500e+03 -6.104074716567993164e-01
1.985120361328125000e+03 -2.031469196081161499e-01
1.996200683593750000e+03 -1.300339400768280029e-02
