-4.760000000000000000e+02 -4.063412666320800781e+00
-3.264274597167968750e+02 -3.962831974029541016e+00
-3.086655883789062500e+02 -3.788417816162109375e+00
-6.581943511962890625e+01 -3.611166000366210938e+00
2.242331314086914062e+01 -3.298537731170654297e+00
2.873966369628906250e+02 -3.064959049224853516e+00
4.114117126464843750e+02 -2.624867677688598633e+00
4.696434631347656250e+02 -2.724373102188110352e+00
5.723737792968750000e+02 -2.405970096588134766e+00
1.129873413085937500e+03 -1.578282475471496582e+00
1.465567138671875000e+03 -1.231844305992126465e+00
1.860599121093750000e+03 -6.146501898765563965e-01
1.978054077148437500e+03 -2.358271330595016479e-01
2.014901611328125000e+03 6.883995980024337769e-02
