-4.760000000000000000e+02 -4.103992938995361328e+00
-4.408886413574218750e+02 -3.934497117996215820e+00
-3.934118652343750000e+02 -4.109571933746337891e+00
-2.774371948242187500e+02 -3.748745918273925781e+00
-7.199401092529296875e+01 -3.640702724456787109e+00
5.209341430664062500e+01 -3.169778585433959961e+00
2.535558929443359375e+02 -3.207039356231689453e+00
4.175093994140625000e+02 -2.591621160507202148e+00
4.652401733398437500e+02 -2.762734413146972656e+00
5.759185180664062500e+02 -2.386298656463623047e+00
1.092808593750000000e+03 -1.637850403785705566e+00
1.438987792968750000e+03 -1.253272771835327148e+00
1.860293212890625000e+03 -6.204974055290222168e-01
1.971926025390625000e+03 -2.638984322547912598e-01
2.014901611328125000e+03 4.958700761198997498e-02
