-4.760000000000000000e+02 -4.091764450073242188e+00
-3.540691223144531250e+02 -4.041708469390869141e+00
-2.889671020507812500e+02 -3.755078077316284180e+00
-6.505641937255859375e+01 -3.635981798171997070e+00
1.688698577880859375e+01 -3.265305519104003906e+00
2.594537658691406250e+02 -3.143173933029174805e+00
4.067133178710937500e+02 -2.633852243423461914e+00
4.724127807617187500e+02 -2.720584154129028320e+00
5.701638793945312500e+02 -2.412781000137329102e+00
9.920575561523437500e+02 -1.780699729919433594e+00
1.137603027343750000e+03 -1.554810166358947754e+00
1.345445190429687500e+03 -1.394280314445495605e+00
1.845168212890625000e+03 -6.441843509674072266e-01
1.984817871093750000e+03 -2.147793918848037720e-01
1.992896606445312500e+03 -3.657175600528717041e-02
