-4.760000000000000000e+02 -4.096590042114257812e+00
-3.244338989257812500e+02 -3.978883981704711914e+00
-3.082884216308593750e+02 -3.783144474029541016e+00
-4.518661499023437500e+01 -3.585031270980834961e+00
8.948651313781738281e+00 -3.284140348434448242e+00
2.977401733398437500e+02 -3.045282363891601562e+00
4.023173828125000000e+02 -2.645382404327392578e+00
4.692083435058593750e+02 -2.733670949935913086e+00
5.710286254882812500e+02 -2.406664609909057617e+00
1.116879150390625000e+03 -1.593546271324157715e+00
1.447996582031250000e+03 -1.265005230903625488e+00
1.847723388671875000e+03 -6.402370929718017578e-01
1.987407714843750000e+03 -2.059732079505920410e-01
1.992376586914062500e+03 -3.781597688794136047e-02
