-4.760000000000000000e+02 -4.084968090057373047e+00
-3.277811279296875000e+02 -3.969516277313232422e+00
-3.060566101074218750e+02 -3.782194137573242188e+00
-5.890461349487304688e+01 -3.605582237243652344e+00
1.225685119628906250e+02 -2.826752901077270508e+00
1.629474487304687500e+02 -3.456321239471435547e+00
4.146159362792968750e+02 -2.634924650192260742e+00
4.734758605957031250e+02 -2.726602077484130859e+00
5.794682617187500000e+02 -2.381912469863891602e+00
1.126269042968750000e+03 -1.578652143478393555e+00
1.406149902343750000e+03 -1.312920451164245605e+00
1.859154785156250000e+03 -6.092647314071655273e-01
1.986530639648437500e+03 -2.173867076635360718e-01
1.992116821289062500e+03 -4.818613082170486450e-02
2.014901611328125000e+03 -4.871745407581329346e-02
