-4.760000000000000000e+02 -4.108864307403564453e+00
-3.287378540039062500e+02 -3.958508014678955078e+00
-3.062827758789062500e+02 -3.791393280029296875e+00
-6.389145660400390625e+01 -3.630155086517333984e+00
6.250136947631835938e+01 -3.122762918472290039e+00
2.113069610595703125e+02 -3.319905519485473633e+00
4.246275939941406250e+02 -2.590010881423950195e+00
4.620319519042968750e+02 -2.773209333419799805e+00
5.751972045898437500e+02 -2.398104429244995117e+00
1.062224365234375000e+03 -1.667684912681579590e+00
1.460140991210937500e+03 -1.235926866531372070e+00
1.730689819335937500e+03 -8.069971799850463867e-01
1.837386108398437500e+03 -6.737849712371826172e-01
1.984704956054687500e+03 -2.274305820465087891e-01
1.993657714843750000e+03 -2.083469741046428680e-02
