-4.760000000000000000e+02 -4.106639862060546875e+00
-3.217787780761718750e+02 -3.935796976089477539e+00
-3.066452941894531250e+02 -3.779066085815429688e+00
-6.838650512695312500e+01 -3.643012285232543945e+00
5.815295028686523438e+01 -3.096080780029296875e+00
2.122746124267578125e+02 -3.303823232650756836e+00
4.178300781250000000e+02 -2.603818416595458984e+00
4.426225585937500000e+02 -2.797583818435668945e+00
5.744201049804687500e+02 -2.402166366577148438e+00
1.163398193359375000e+03 -1.527096152305603027e+00
1.394827026367187500e+03 -1.337957382202148438e+00
1.862041015625000000e+03 -6.061482429504394531e-01
1.976325317382812500e+03 -2.474427372217178345e-01
2.014901611328125000e+03 4.958700761198997498e-02
