-4.760000000000000000e+02 -4.118613719940185547e+00
-3.551790161132812500e+02 -4.018596649169921875e+00
-2.727883911132812500e+02 -3.722233772277832031e+00
-6.472678375244140625e+01 -3.650869131088256836e+00
6.038753128051757812e+01 -3.072531461715698242e+00
2.283840484619140625e+02 -3.299824476242065430e+00
4.142829589843750000e+02 -2.611263275146484375e+00
4.641774291992187500e+02 -2.763024568557739258e+00
5.644472045898437500e+02 -2.420839786529541016e+00
1.058658935546875000e+03 -1.678298711776733398e+00
1.455369750976562500e+03 -1.238679885864257812e+00
1.860511352539062500e+03 -6.112913489341735840e-01
1.985418579101562500e+03 -2.164002358913421631e-01
1.995707885742187500e+03 -9.740157984197139740e-03
