-4.760000000000000000e+02 -4.115256309509277344e+00
-3.251799926757812500e+02 -3.934411525726318359e+00
-3.073787231445312500e+02 -3.795910358428955078e+00
-3.905026245117187500e+01 -3.582078695297241211e+00
7.236301898956298828e+00 -3.249009847640991211e+00
2.383195190429687500e+02 -3.184794902801513672e+00
4.123313598632812500e+02 -2.627972602844238281e+00
4.671609802246093750e+02 -2.746019601821899414e+00
5.553016357421875000e+02 -2.458327531814575195e+00
9.185840454101562500e+02 -1.856875896453857422e+00
1.422479858398437500e+03 -1.264240980148315430e+00
1.842247314453125000e+03 -6.583855152130126953e-01
1.985918334960937500e+03 -2.116606384515762329e-01
1.992883422851562500e+03 -2.878336608409881592e-02
