-4.760000000000000000e+02 -4.119023799896240234e+00
-3.339533996582031250e+02 -3.956498384475708008e+00
-3.277925415039062500e+02 -4.023071289062500000e+00
-3.059975585937500000e+02 -3.783291101455688477e+00
-6.706391906738281250e+01 -3.621689558029174805e+00
-2.550979995727539062e+01 -3.486462831497192383e+00
-1.090702056884765625e+01 -3.329847812652587891e+00
1.098443527221679688e+02 -3.062355995178222656e+00
1.960638885498046875e+02 -3.380091667175292969e+00
4.438520812988281250e+02 -2.525694131851196289e+00
4.615500488281250000e+02 -2.777590513229370117e+00
5.672885742187500000e+02 -2.417532920837402344e+00
1.188183349609375000e+03 -1.491870045661926270e+00
1.375982666015625000e+03 -1.355589389801025391e+00
1.846707397460937500e+03 -6.439299583435058594e-01
1.985205566406250000e+03 -2.161431461572647095e-01
1.993672485351562500e+03 -1.710204966366291046e-02
