-4.760000000000000000e+02 -4.103647708892822266e+00
-4.444606323242187500e+02 -3.985109806060791016e+00
-3.669356384277343750e+02 -4.110872268676757812e+00
-3.002850036621093750e+02 -3.783679246902465820e+00
-4.536919784545898438e+01 -3.589885234832763672e+00
-3.209414482116699219e+00 -3.329426288604736328e+00
2.978907775878906250e+02 -3.016303300857543945e+00
4.184656372070312500e+02 -2.604795694351196289e+00
4.617558898925781250e+02 -2.752211570739746094e+00
5.856271972656250000e+02 -2.387892007827758789e+00
1.142557373046875000e+03 -1.566444635391235352e+00
1.451285644531250000e+03 -1.242013335227966309e+00
1.854576782226562500e+03 -6.213060617446899414e-01
1.984788208007812500e+03 -2.092792242765426636e-01
1.998177612304687500e+03 2.746446803212165833e-02
