-4.760000000000000000e+02 -4.091805934906005859e+00
-3.628742370605468750e+02 -4.084273338317871094e+00
-2.870546264648437500e+02 -3.739664554595947266e+00
-6.051104736328125000e+01 -3.633382081985473633e+00
2.542198562622070312e+01 -3.234208583831787109e+00
2.369099884033203125e+02 -3.225657224655151367e+00
4.096875000000000000e+02 -2.655884981155395508e+00
4.613051757812500000e+02 -2.765404462814331055e+00
5.771628417968750000e+02 -2.404861211776733398e+00
1.089257812500000000e+03 -1.627593159675598145e+00
1.344026855468750000e+03 -1.381384730339050293e+00
1.838677734375000000e+03 -6.621983647346496582e-01
1.970335571289062500e+03 -2.736184895038604736e-01
2.014901611328125000e+03 4.958700761198997498e-02
