-4.760000000000000000e+02 -4.070622444152832031e+00
-3.225704956054687500e+02 -3.983995437622070312e+00
-3.104592285156250000e+02 -3.789713144302368164e+00
-5.713672637939453125e+01 -3.616906166076660156e+00
7.174571990966796875e+01 -3.078126668930053711e+00
2.207722930908203125e+02 -3.269676685333251953e+00
4.152185974121093750e+02 -2.627296686172485352e+00
4.320473937988281250e+02 -2.661511182785034180e+00
4.627529602050781250e+02 -2.765259265899658203e+00
5.706093750000000000e+02 -2.417581796646118164e+00
1.116743164062500000e+03 -1.585853815078735352e+00
1.392669311523437500e+03 -1.330352663993835449e+00
1.849235961914062500e+03 -6.305137872695922852e-01
1.968742065429687500e+03 -2.815750539302825928e-01
2.014901611328125000e+03 3.528909012675285339e-02
