-4.760000000000000000e+02 -4.104759216308593750e+00
-3.284499206542968750e+02 -3.940931797027587891e+00
-2.929993896484375000e+02 -3.757631778717041016e+00
-6.265361022949218750e+01 -3.629909038543701172e+00
6.561354827880859375e+01 -3.091150999069213867e+00
2.249540863037109375e+02 -3.247545957565307617e+00
4.189498596191406250e+02 -2.606685400009155273e+00
4.432202148437500000e+02 -2.809952497482299805e+00
5.877266235351562500e+02 -2.371584653854370117e+00
1.115666870117187500e+03 -1.610348939895629883e+00
1.442071411132812500e+03 -1.259603142738342285e+00
1.848523925781250000e+03 -6.255110502243041992e-01
1.971872192382812500e+03 -2.750506997108459473e-01
2.014901611328125000e+03 4.958700761198997498e-02
