-4.760000000000000000e+02 -4.107276439666748047e+00
-3.255916748046875000e+02 -3.960412025451660156e+00
-3.070980834960937500e+02 -3.787502288818359375e+00
-6.905429840087890625e+01 -3.629591464996337891e+00
8.593366241455078125e+01 -3.035475015640258789e+00
2.032775878906250000e+02 -3.341594457626342773e+00
4.216665039062500000e+02 -2.595914602279663086e+00
4.635501098632812500e+02 -2.753233194351196289e+00
5.697683715820312500e+02 -2.409614562988281250e+00
1.134938964843750000e+03 -1.562853932380676270e+00
1.409091796875000000e+03 -1.317494750022888184e+00
1.855315795898437500e+03 -6.220915913581848145e-01
1.986428710937500000e+03 -1.972104758024215698e-01
1.995639038085937500e+03 -7.594938389956951141e-03
