-4.760000000000000000e+02 -4.088910579681396484e+00
-3.221389465332031250e+02 -3.949393987655639648e+00
-3.094287719726562500e+02 -3.794329881668090820e+00
-5.753081893920898438e+01 -3.622770071029663086e+00
4.791048431396484375e+01 -3.188050985336303711e+00
2.470590515136718750e+02 -3.204603672027587891e+00
4.188713073730468750e+02 -2.627944469451904297e+00
4.693266296386718750e+02 -2.753391742706298828e+00
5.730002441406250000e+02 -2.406340837478637695e+00
1.158188354492187500e+03 -1.531000137329101562e+00
1.417560424804687500e+03 -1.300990581512451172e+00
1.843867187500000000e+03 -6.470782756805419922e-01
1.972591186523437500e+03 -2.582723200321197510e-01
2.014901611328125000e+03 4.677316546440124512e-02
