-4.760000000000000000e+02 -4.076846599578857422e+00
-3.659813232421875000e+02 -4.060239315032958984e+00
-2.782319641113281250e+02 -3.741544961929321289e+00
-5.894796371459960938e+01 -3.619997978210449219e+00
4.787664413452148438e+01 -3.148908615112304688e+00
2.475651550292968750e+02 -3.222655296325683594e+00
4.134297485351562500e+02 -2.611229181289672852e+00
4.612227783203125000e+02 -2.757858276367187500e+00
5.637224731445312500e+02 -2.438382148742675781e+00
1.014687011718750000e+03 -1.735714435577392578e+00
1.444315063476562500e+03 -1.245036244392395020e+00
1.864169921875000000e+03 -6.110368371009826660e-01
1.985610961914062500e+03 -2.097225487232208252e-01
1.995868530273437500e+03 -4.759689327329397202e-03
