-4.760000000000000000e+02 -4.110595703125000000e+00
-3.152564086914062500e+02 -3.906682729721069336e+00
-3.073312377929687500e+02 -3.764059305191040039e+00
-6.831028747558593750e+01 -3.660939693450927734e+00
3.251979064941406250e+01 -3.238111734390258789e+00
2.581393127441406250e+02 -3.213903903961181641e+00
4.051614685058593750e+02 -2.614811897277832031e+00
4.688103637695312500e+02 -2.739221334457397461e+00
5.665130615234375000e+02 -2.430828571319580078e+00
9.169374389648437500e+02 -1.877575516700744629e+00
1.827110961914062500e+03 -7.102467417716979980e-01
1.985932373046875000e+03 -2.130613774061203003e-01
1.993154541015625000e+03 -2.039196155965328217e-02
