-4.760000000000000000e+02 -4.096306800842285156e+00
-3.254604797363281250e+02 -3.955586433410644531e+00
-3.081452331542968750e+02 -3.793468952178955078e+00
-4.239150238037109375e+01 -3.585923433303833008e+00
-1.666970252990722656e+00 -3.284090995788574219e+00
2.538995819091796875e+02 -3.156139373779296875e+00
4.222785949707031250e+02 -2.620465040206909180e+00
4.673992919921875000e+02 -2.758508443832397461e+00
5.570053100585937500e+02 -2.428184032440185547e+00
1.126485107421875000e+03 -1.582180738449096680e+00
1.439852294921875000e+03 -1.258658409118652344e+00
1.857984130859375000e+03 -6.094937324523925781e-01
1.987539428710937500e+03 -2.113584876060485840e-01
1.991703369140625000e+03 -3.758349269628524780e-02
