-4.760000000000000000e+02 -4.090913772583007812e+00
-3.572959594726562500e+02 -4.036672115325927734e+00
-2.911974487304687500e+02 -3.759152650833129883e+00
-5.015418243408203125e+01 -3.611973524093627930e+00
5.512646198272705078e+00 -3.271639585494995117e+00
2.588439025878906250e+02 -3.134680986404418945e+00
4.091087646484375000e+02 -2.640148878097534180e+00
4.728980102539062500e+02 -2.727516889572143555e+00
5.850660400390625000e+02 -2.386696577072143555e+00
1.119331542968750000e+03 -1.590504169464111328e+00
1.437509399414062500e+03 -1.258891105651855469e+00
1.861610717773437500e+03 -6.013137102127075195e-01
1.963931030273437500e+03 -2.950026392936706543e-01
2.014901611328125000e+03 1.338062155991792679e-02
