-4.760000000000000000e+02 -4.115570068359375000e+00
-2.244778747558593750e+02 -3.692369222640991211e+00
-8.746598052978515625e+01 -3.687168359756469727e+00
9.224975585937500000e+01 -3.033090591430664062e+00
1.974384155273437500e+02 -3.337687969207763672e+00
4.167001342773437500e+02 -2.623871088027954102e+00
4.652122192382812500e+02 -2.753475189208984375e+00
5.745814819335937500e+02 -2.405694723129272461e+00
1.058617919921875000e+03 -1.676609039306640625e+00
1.376935424804687500e+03 -1.322834253311157227e+00
1.848716796875000000e+03 -6.531094312667846680e-01
1.978512451171875000e+03 -2.292170673608779907e-01
2.014901611328125000e+03 5.589345470070838928e-02
