-4.760000000000000000e+02 -4.087674617767333984e+00
-3.736343383789062500e+02 -4.056479930877685547e+00
-2.679026184082031250e+02 -3.716515779495239258e+00
-6.482107543945312500e+01 -3.631987571716308594e+00
4.818683624267578125e+01 -3.193942070007324219e+00
2.516368560791015625e+02 -3.193266153335571289e+00
4.147973022460937500e+02 -2.611839056015014648e+00
4.665935668945312500e+02 -2.762082576751708984e+00
5.730490722656250000e+02 -2.388716697692871094e+00
1.151182739257812500e+03 -1.550722718238830566e+00
1.388432495117187500e+03 -1.335587859153747559e+00
1.850338989257812500e+03 -6.433950066566467285e-01
1.984949218750000000e+03 -2.118547409772872925e-01
1.996647338867187500e+03 -2.579896943643689156e-03
