-4.760000000000000000e+02 -4.107780456542968750e+00
-4.510418395996093750e+02 -4.003448486328125000e+00
-3.736641845703125000e+02 -4.103208065032958984e+00
-2.813164062500000000e+02 -3.736514806747436523e+00
-6.703760528564453125e+01 -3.672226190567016602e+00
5.792318725585937500e+01 -3.118659734725952148e+00
2.382272338867187500e+02 -3.208411931991577148e+00
4.123828735351562500e+02 -2.612207412719726562e+00
4.682121887207031250e+02 -2.735967159271240234e+00
5.980991210937500000e+02 -2.327254295349121094e+00
1.839005859375000000e+03 -6.731752753257751465e-01
1.980598754882812500e+03 -2.331577688455581665e-01
1.999607177734375000e+03 -2.429074142128229141e-03
2.016977783203125000e+03 -2.285102605819702148e+00
2.017000000000000000e+03 -8.481311611831188202e-03
