-4.760000000000000000e+02 -4.087346553802490234e+00
-3.629934997558593750e+02 -4.068875312805175781e+00
-2.874794616699218750e+02 -3.743860006332397461e+00
-6.022803497314453125e+01 -3.622393608093261719e+00
2.998131942749023438e+01 -3.222985506057739258e+00
2.673916015625000000e+02 -3.108226299285888672e+00
4.518482360839843750e+02 -2.517544269561767578e+00
4.597332763671875000e+02 -2.773442506790161133e+00
5.615551757812500000e+02 -2.420579671859741211e+00
1.144710327148437500e+03 -1.559503078460693359e+00
1.389759277343750000e+03 -1.330080866813659668e+00
1.845645629882812500e+03 -6.523732542991638184e-01
1.970031738281250000e+03 -2.659713923931121826e-01
2.014901611328125000e+03 2.434840425848960876e-02
