-4.760000000000000000e+02 -4.092889785766601562e+00
-3.506007080078125000e+02 -4.034574031829833984e+00
-2.924173278808593750e+02 -3.758430480957031250e+00
-7.084843444824218750e+01 -3.648853540420532227e+00
4.178052902221679688e+01 -3.226403236389160156e+00
2.596661071777343750e+02 -3.190978288650512695e+00
4.065321655273437500e+02 -2.616654396057128906e+00
4.708051452636718750e+02 -2.748354434967041016e+00
5.583663940429687500e+02 -2.445976257324218750e+00
9.843535156250000000e+02 -1.769058823585510254e+00
1.421364868164062500e+03 -1.270437121391296387e+00
1.850008056640625000e+03 -6.404862403869628906e-01
1.964958496093750000e+03 -2.861527800559997559e-01
2.014901611328125000e+03 2.085638232529163361e-02
