-4.760000000000000000e+02 -4.098811626434326172e+00
-3.243804626464843750e+02 -3.945708513259887695e+00
-3.062874755859375000e+02 -3.789729356765747070e+00
-4.349943923950195312e+01 -3.607301235198974609e+00
-1.000902748107910156e+01 -3.321543216705322266e+00
2.783921203613281250e+02 -3.095910310745239258e+00
4.454755859375000000e+02 -2.534499883651733398e+00
4.602067871093750000e+02 -2.781889438629150391e+00
5.703331909179687500e+02 -2.411781072616577148e+00
1.129630493164062500e+03 -1.582200527191162109e+00
1.429629272460937500e+03 -1.290469527244567871e+00
1.857588623046875000e+03 -6.138391494750976562e-01
1.968811523437500000e+03 -2.770988941192626953e-01
2.014901611328125000e+03 3.427554666996002197e-02
