-4.760000000000000000e+02 -4.097928524017333984e+00
-3.224160156250000000e+02 -3.955968141555786133e+00
-3.072425231933593750e+02 -3.787601947784423828e+00
-6.285117340087890625e+01 -3.626697540283203125e+00
8.368302154541015625e+01 -3.022137880325317383e+00
2.047300109863281250e+02 -3.345980167388916016e+00
4.219326477050781250e+02 -2.605148315429687500e+00
4.642376098632812500e+02 -2.762822866439819336e+00
5.485830078125000000e+02 -2.464655876159667969e+00
9.184075927734375000e+02 -1.853358268737792969e+00
1.444236694335937500e+03 -1.249815344810485840e+00
1.849983154296875000e+03 -6.389240026473999023e-01
1.986070434570312500e+03 -2.165706455707550049e-01
1.996548217773437500e+03 7.677646819502115250e-03
