-4.760000000000000000e+02 -4.103616714477539062e+00
-3.272892456054687500e+02 -3.965977191925048828e+00
-3.062569274902343750e+02 -3.791783332824707031e+00
-5.589580535888671875e+01 -3.603330850601196289e+00
8.752355194091796875e+01 -3.016190528869628906e+00
2.061940765380859375e+02 -3.372920274734497070e+00
4.106922302246093750e+02 -2.623067140579223633e+00
4.574209594726562500e+02 -2.778740644454956055e+00
5.730338134765625000e+02 -2.410006046295166016e+00
1.109239257812500000e+03 -1.598312258720397949e+00
1.384012329101562500e+03 -1.328373789787292480e+00
1.850756958007812500e+03 -6.340404152870178223e-01
1.985966430664062500e+03 -2.272984236478805542e-01
1.991998779296875000e+03 -4.563863202929496765e-02
2.014901611328125000e+03 -3.525466471910476685e-02
