-4.760000000000000000e+02 -4.082312583923339844e+00
-3.222957458496093750e+02 -3.957609176635742188e+00
-3.083169555664062500e+02 -3.784354209899902344e+00
-7.395096588134765625e+01 -3.634447813034057617e+00
4.691551971435546875e+01 -3.244391679763793945e+00
2.584478149414062500e+02 -3.177908897399902344e+00
4.183277587890625000e+02 -2.596232652664184570e+00
4.671882629394531250e+02 -2.744697093963623047e+00
5.639081420898437500e+02 -2.417780160903930664e+00
1.177182739257812500e+03 -1.515670180320739746e+00
1.391943603515625000e+03 -1.334931254386901855e+00
1.854349121093750000e+03 -6.122273802757263184e-01
1.975511352539062500e+03 -2.515728473663330078e-01
2.014901611328125000e+03 6.036426872014999390e-02
