-4.760000000000000000e+02 -4.110872745513916016e+00
-3.193825378417968750e+02 -3.953837633132934570e+00
-3.089612731933593750e+02 -3.768249034881591797e+00
-1.073834228515625000e+02 -3.665507078170776367e+00
-6.451150512695312500e+01 -3.632390022277832031e+00
7.285145568847656250e+01 -3.080875158309936523e+00
2.170548248291015625e+02 -3.305579423904418945e+00
4.207321777343750000e+02 -2.593147277832031250e+00
4.390441589355468750e+02 -2.824892520904541016e+00
5.662687377929687500e+02 -2.413772344589233398e+00
1.094101684570312500e+03 -1.620419144630432129e+00
1.416516479492187500e+03 -1.300485610961914062e+00
1.860347290039062500e+03 -6.085350513458251953e-01
1.984935302734375000e+03 -2.213642150163650513e-01
1.996077270507812500e+03 -4.597782099153846502e-04
