-4.760000000000000000e+02 -4.120846271514892578e+00
-3.476037292480468750e+02 -3.996700525283813477e+00
-2.850711059570312500e+02 -3.750848531723022461e+00
-5.724882125854492188e+01 -3.616837739944458008e+00
3.479402542114257812e+01 -3.223131179809570312e+00
2.441996459960937500e+02 -3.154329299926757812e+00
4.194546508789062500e+02 -2.611881256103515625e+00
4.524724426269531250e+02 -2.778414249420166016e+00
5.886500244140625000e+02 -2.361203432083129883e+00
6.886618652343750000e+02 -2.256963014602661133e+00
8.785625000000000000e+02 -1.912129878997802734e+00
1.484442993164062500e+03 -1.179149031639099121e+00
1.842220092773437500e+03 -6.528755426406860352e-01
1.972633544921875000e+03 -2.606147527694702148e-01
2.014901611328125000e+03 5.519896745681762695e-02
