-4.760000000000000000e+02 -4.074021816253662109e+00
-3.916505432128906250e+02 -4.054657936096191406e+00
-2.659396057128906250e+02 -3.738694429397583008e+00
-5.849810028076171875e+01 -3.619706392288208008e+00
4.910923004150390625e+01 -3.138590097427368164e+00
2.269389495849609375e+02 -3.261853694915771484e+00
4.131874084472656250e+02 -2.616369485855102539e+00
4.686368103027343750e+02 -2.745974779129028320e+00
5.676826782226562500e+02 -2.413271427154541016e+00
1.123844116210937500e+03 -1.590064287185668945e+00
1.461393920898437500e+03 -1.230755209922790527e+00
1.852923095703125000e+03 -6.292865872383117676e-01
1.985711425781250000e+03 -2.101216316223144531e-01
1.992677368164062500e+03 -4.413469135761260986e-02
2.003072631835937500e+03 -1.763856597244739532e-02
