-4.760000000000000000e+02 -4.097548484802246094e+00
-3.271704711914062500e+02 -3.978409528732299805e+00
-3.075044250488281250e+02 -3.791892051696777344e+00
-2.128190155029296875e+02 -3.709684133529663086e+00
-6.417631530761718750e+01 -3.611282825469970703e+00
7.647599029541015625e+01 -3.059608697891235352e+00
2.095810089111328125e+02 -3.358811616897583008e+00
4.228224182128906250e+02 -2.568390369415283203e+00
4.269367065429687500e+02 -2.859698295593261719e+00
5.731632690429687500e+02 -2.402497529983520508e+00
1.137921752929687500e+03 -1.566109657287597656e+00
1.447656860351562500e+03 -1.256498098373413086e+00
1.859966308593750000e+03 -6.066747307777404785e-01
1.986663574218750000e+03 -2.084871828556060791e-01
1.991520751953125000e+03 -3.846653178334236145e-02
2.014901611328125000e+03 -3.500167280435562134e-02
