-4.760000000000000000e+02 -4.096297740936279297e+00
-3.346969299316406250e+02 -3.980759620666503906e+00
-2.834349365234375000e+02 -3.718122959136962891e+00
-6.433406066894531250e+01 -3.653088331222534180e+00
1.225421142578125000e+02 -2.841345310211181641e+00
1.683771514892578125e+02 -3.540344715118408203e+00
4.119227905273437500e+02 -2.605620622634887695e+00
4.657012634277343750e+02 -2.745184183120727539e+00
5.725714111328125000e+02 -2.405730485916137695e+00
1.141002807617187500e+03 -1.562072634696960449e+00
1.376606689453125000e+03 -1.355890154838562012e+00
1.853427001953125000e+03 -6.238121390342712402e-01
1.985202270507812500e+03 -2.129276394844055176e-01
1.995382202148437500e+03 -1.296925079077482224e-02
