-4.760000000000000000e+02 -4.079648494720458984e+00
-3.567285461425781250e+02 -4.045930862426757812e+00
-2.913755187988281250e+02 -3.764012098312377930e+00
-6.373493194580078125e+01 -3.644563198089599609e+00
9.085509490966796875e+01 -2.951849937438964844e+00
1.833439636230468750e+02 -3.361396551132202148e+00
4.383336791992187500e+02 -2.585931062698364258e+00
4.586788024902343750e+02 -2.772800445556640625e+00
5.696682739257812500e+02 -2.420468568801879883e+00
1.126812622070312500e+03 -1.578591108322143555e+00
1.413340087890625000e+03 -1.299142599105834961e+00
1.852587524414062500e+03 -6.296461820602416992e-01
1.986506347656250000e+03 -2.138337939977645874e-01
1.990934448242187500e+03 -6.005331873893737793e-02
2.014901611328125000e+03 -9.702410548925399780e-03
