-4.760000000000000000e+02 -4.107261657714843750e+00
-3.282760314941406250e+02 -3.960176706314086914e+00
-3.058968200683593750e+02 -3.810158014297485352e+00
-2.025329284667968750e+02 -3.689330101013183594e+00
-6.654014587402343750e+01 -3.648699998855590820e+00
3.801203155517578125e+01 -3.216056346893310547e+00
2.353197326660156250e+02 -3.208823919296264648e+00
4.156098327636718750e+02 -2.620226860046386719e+00
4.540347595214843750e+02 -2.770152091979980469e+00
5.707053222656250000e+02 -2.407666206359863281e+00
1.139079589843750000e+03 -1.576101183891296387e+00
1.402104614257812500e+03 -1.304250240325927734e+00
1.844709106445312500e+03 -6.605695486068725586e-01
1.974325927734375000e+03 -2.553060054779052734e-01
2.014901611328125000e+03 7.843185961246490479e-02
