-4.760000000000000000e+02 -4.058331489562988281e+00
-3.797911987304687500e+02 -4.074221134185791016e+00
-2.737915954589843750e+02 -3.715553283691406250e+00
-6.810097503662109375e+01 -3.651698827743530273e+00
2.117013359069824219e+01 -3.260210275650024414e+00
2.126762084960937500e+02 -3.190303325653076172e+00
4.095306701660156250e+02 -2.659642457962036133e+00
4.827768859863281250e+02 -2.705522775650024414e+00
5.701779785156250000e+02 -2.421547889709472656e+00
1.118000000000000000e+03 -1.583921551704406738e+00
1.425419189453125000e+03 -1.285267949104309082e+00
1.855777587890625000e+03 -6.221037507057189941e-01
1.984390625000000000e+03 -2.302760779857635498e-01
1.998640380859375000e+03 2.977802231907844543e-02
