-4.760000000000000000e+02 -4.128061771392822266e+00
-4.479671020507812500e+02 -3.988034486770629883e+00
-3.703381042480468750e+02 -4.121635437011718750e+00
-2.887505493164062500e+02 -3.758225679397583008e+00
-6.356260681152343750e+01 -3.621104240417480469e+00
1.291829833984375000e+02 -2.816084146499633789e+00
1.629860229492187500e+02 -3.524755716323852539e+00
4.065506896972656250e+02 -2.661529541015625000e+00
4.749774169921875000e+02 -2.734298944473266602e+00
5.563688964843750000e+02 -2.449142694473266602e+00
8.693005981445312500e+02 -1.944375872611999512e+00
1.149166503906250000e+03 -1.576484441757202148e+00
1.458507202148437500e+03 -1.233026623725891113e+00
1.719968627929687500e+03 -8.223481178283691406e-01
1.851082885742187500e+03 -6.260114908218383789e-01
1.985201660156250000e+03 -2.179691046476364136e-01
1.995472778320312500e+03 3.586564911529421806e-03
