-4.760000000000000000e+02 -4.098848819732666016e+00
-3.237525024414062500e+02 -3.941905498504638672e+00
-3.044440917968750000e+02 -3.779790163040161133e+00
-4.953342819213867188e+01 -3.586784839630126953e+00
6.519914245605468750e+01 -3.080947637557983398e+00
2.252353668212890625e+02 -3.288614988327026367e+00
4.281256713867187500e+02 -2.590057134628295898e+00
4.649768066406250000e+02 -2.760038137435913086e+00
5.664719238281250000e+02 -2.417303085327148438e+00
1.176976440429687500e+03 -1.507405042648315430e+00
1.360148437500000000e+03 -1.370214462280273438e+00
1.852133789062500000e+03 -6.314803957939147949e-01
1.981775024414062500e+03 -2.259779721498489380e-01
1.997440917968750000e+03 -1.560366060584783554e-02
