-4.760000000000000000e+02 -4.092158794403076172e+00
-3.292825317382812500e+02 -3.963623046875000000e+00
-3.029698181152343750e+02 -3.768598556518554688e+00
-6.559514617919921875e+01 -3.638486385345458984e+00
3.436646270751953125e+01 -3.207903623580932617e+00
2.312730255126953125e+02 -3.210572481155395508e+00
4.130491943359375000e+02 -2.638858318328857422e+00
4.628562316894531250e+02 -2.747620344161987305e+00
5.734487304687500000e+02 -2.398315191268920898e+00
1.134756469726562500e+03 -1.566634297370910645e+00
1.408959472656250000e+03 -1.314254999160766602e+00
1.861129882812500000e+03 -5.998603105545043945e-01
1.985787719726562500e+03 -2.204650491476058960e-01
1.991927368164062500e+03 -6.293005496263504028e-02
