-4.760000000000000000e+02 -4.090342044830322266e+00
-3.655011901855468750e+02 -4.092393875122070312e+00
-2.854006652832031250e+02 -3.743976116180419922e+00
-6.132454299926757812e+01 -3.631857395172119141e+00
4.173222351074218750e+01 -3.182268619537353516e+00
2.668360595703125000e+02 -3.166759967803955078e+00
4.086947937011718750e+02 -2.642955303192138672e+00
4.678111877441406250e+02 -2.736399173736572266e+00
5.838080444335937500e+02 -2.385964632034301758e+00
1.142190063476562500e+03 -1.558154582977294922e+00
1.395581787109375000e+03 -1.337967514991760254e+00
1.860593750000000000e+03 -6.006247401237487793e-01
1.983194458007812500e+03 -2.296554148197174072e-01
1.998806762695312500e+03 2.268541976809501648e-02
