-4.760000000000000000e+02 -4.097397208039753380e+00
-4.550000000000000000e+02 -4.073067176260112277e+00
-4.010000000000000000e+02 -4.056194432568431374e+00
-3.390000000000000000e+02 -3.957593493365223480e+00
-3.290000000000000000e+02 -3.927414447558615684e+00
-3.190000000000000000e+02 -3.885998082709603896e+00
-3.140000000000000000e+02 -3.861681860254390308e+00
-3.070000000000000000e+02 -3.830286439682978550e+00
-3.010000000000000000e+02 -3.810264023915976406e+00
-2.920000000000000000e+02 -3.784949010522754786e+00
-2.640000000000000000e+02 -3.739402830605670580e+00
-2.400000000000000000e+02 -3.722492006840896206e+00
-2.000000000000000000e+02 -3.701380030346104633e+00
-1.240000000000000000e+02 -3.661518614464151167e+00
-8.700000000000000000e+01 -3.640007816723366485e+00
-5.300000000000000000e+01 -3.583432206068164483e+00
-4.000000000000000000e+01 -3.537670239779520109e+00
-1.900000000000000000e+01 -3.441652809280533631e+00
2.700000000000000000e+01 -3.261108232938491724e+00
1.480000000000000000e+02 -3.200345145988494622e+00
3.110000000000000000e+02 -2.978142835654383092e+00
3.350000000000000000e+02 -2.894395256544358030e+00
3.870000000000000000e+02 -2.713033488822064410e+00
4.040000000000000000e+02 -2.655800662300042525e+00
4.090000000000000000e+02 -2.643229025325893211e+00
4.240000000000000000e+02 -2.643292805818842073e+00
4.570000000000000000e+02 -2.724944779332775013e+00
4.700000000000000000e+02 -2.726253909229336969e+00
4.770000000000000000e+02 -2.711080099640555741e+00
4.810000000000000000e+02 -2.699533292708326204e+00
4.900000000000000000e+02 -2.671357938916344210e+00
4.980000000000000000e+02 -2.645797307991411884e+00
5.050000000000000000e+02 -2.623398621571332079e+00
5.140000000000000000e+02 -2.594599205496260996e+00
5.220000000000000000e+02 -2.568999724540615759e+00
5.330000000000000000e+02 -2.533801270636815595e+00
5.380000000000000000e+02 -2.517826281068964445e+00
5.510000000000000000e+02 -2.476727947717019873e+00
5.640000000000000000e+02 -2.438704751053312858e+00
5.730000000000000000e+02 -2.416369779312003363e+00
5.850000000000000000e+02 -2.392485016112197105e+00
6.040000000000000000e+02 -2.361629411442915050e+00
6.260000000000000000e+02 -2.327832026764020679e+00
6.660000000000000000e+02 -2.267458417553604111e+00
6.850000000000000000e+02 -2.238711850492078437e+00
6.990000000000000000e+02 -2.217494670480925745e+00
7.080000000000000000e+02 -2.203825156382823724e+00
7.200000000000000000e+02 -2.185567211903054918e+00
7.320000000000000000e+02 -2.167289189411236272e+00
7.470000000000000000e+02 -2.144424889722526206e+00
7.670000000000000000e+02 -2.113904990669865036e+00
7.870000000000000000e+02 -2.083364443677670597e+00
8.040000000000000000e+02 -2.057401984381124205e+00
8.190000000000000000e+02 -2.034493932060873700e+00
8.350000000000000000e+02 -2.010059442935347551e+00
8.490000000000000000e+02 -1.988688989596346657e+00
8.710000000000000000e+02 -1.955186443405807717e+00
9.070000000000000000e+02 -1.900907074866632129e+00
9.390000000000000000e+02 -1.853889036539328350e+00
9.670000000000000000e+02 -1.813782365068235425e+00
9.690000000000000000e+02 -1.810939662780854498e+00
9.940000000000000000e+02 -1.775480157353598321e+00
1.009000000000000000e+03 -1.754211370316728136e+00
1.010000000000000000e+03 -1.752790385100285064e+00
1.024000000000000000e+03 -1.732798579605262068e+00
1.029000000000000000e+03 -1.725652090969375996e+00
1.036000000000000000e+03 -1.715647899413862865e+00
1.065000000000000000e+03 -1.674422588259214972e+00
1.108000000000000000e+03 -1.615238781272060331e+00
1.119000000000000000e+03 -1.600696314962251954e+00
1.135000000000000000e+03 -1.580409197072804917e+00
1.154000000000000000e+03 -1.558375092331289347e+00
1.173000000000000000e+03 -1.537722561177871983e+00
1.181000000000000000e+03 -1.529290830573968751e+00
1.209000000000000000e+03 -1.500493716850032300e+00
1.226000000000000000e+03 -1.483511032546375841e+00
1.238000000000000000e+03 -1.471582910036699277e+00
1.248000000000000000e+03 -1.461632332660587119e+00
1.255000000000000000e+03 -1.454664233919009897e+00
1.286000000000000000e+03 -1.423692566369458179e+00
1.294000000000000000e+03 -1.415644993060228396e+00
1.318000000000000000e+03 -1.390969831753192443e+00
1.323000000000000000e+03 -1.385741660039095269e+00
1.420000000000000000e+03 -1.274174682849143592e+00
1.463000000000000000e+03 -1.215880595374856821e+00
1.509000000000000000e+03 -1.149546123664435981e+00
1.521000000000000000e+03 -1.131826288923165169e+00
1.532000000000000000e+03 -1.115497315161828817e+00
1.594000000000000000e+03 -1.022329693248987592e+00
1.604000000000000000e+03 -1.007220271198836725e+00
1.612000000000000000e+03 -9.951288946330546503e-01
1.645000000000000000e+03 -9.452386234671673604e-01
1.661000000000000000e+03 -9.210488360636829297e-01
1.687000000000000000e+03 -8.817404315330118481e-01
1.700000000000000000e+03 -8.620862292677091698e-01
1.727000000000000000e+03 -8.212684826758341883e-01
1.756000000000000000e+03 -7.774289205133417813e-01
1.785000000000000000e+03 -7.335836836178378784e-01
1.790000000000000000e+03 -7.260233421720393432e-01
1.803000000000000000e+03 -7.063668757469043769e-01
1.829000000000000000e+03 -6.664440104190140213e-01
1.861000000000000000e+03 -6.028450566108928266e-01
1.864000000000000000e+03 -5.942231326212417120e-01
1.867000000000000000e+03 -5.850120795768948279e-01
1.873000000000000000e+03 -5.659796481247071354e-01
1.877000000000000000e+03 -5.532589154551431632e-01
1.882000000000000000e+03 -5.376342639658390210e-01
1.887000000000000000e+03 -5.221096566132471528e-01
1.894000000000000000e+03 -5.004382743708186698e-01
1.904000000000000000e+03 -4.694923431344228959e-01
1.907000000000000000e+03 -4.602082073034453602e-01
1.911000000000000000e+03 -4.478293595288341811e-01
1.912000000000000000e+03 -4.447346475851546299e-01
1.915000000000000000e+03 -4.354505117541627723e-01
1.925000000000000000e+03 -4.045033923175605506e-01
1.934000000000000000e+03 -3.766509848246520908e-01
1.941000000000000000e+03 -3.549880012190428369e-01
1.947000000000000000e+03 -3.364197295570814927e-01
1.954000000000000000e+03 -3.147567459514841737e-01
1.959000000000000000e+03 -2.992831862331857273e-01
1.962000000000000000e+03 -2.899990504022064708e-01
1.965000000000000000e+03 -2.807146945311371766e-01
1.967000000000000000e+03 -2.745214727656983267e-01
1.969000000000000000e+03 -2.683149043290793956e-01
1.971000000000000000e+03 -2.620901360836223049e-01
1.975000000000000000e+03 -2.495780785033594185e-01
1.978000000000000000e+03 -2.400478136667220652e-01
1.983000000000000000e+03 -2.212916932197451780e-01
1.986000000000000000e+03 -1.948427203214639913e-01
1.987000000000000000e+03 -1.788466684943980645e-01
1.988000000000000000e+03 -1.599586011684145659e-01
1.989000000000000000e+03 -1.396627136412739723e-01
1.991000000000000000e+03 -9.895527570788476002e-02
1.993000000000000000e+03 -6.263617528820057678e-02
1.995000000000000000e+03 -3.477782421011962888e-02
2.017000000000000000e+03 -5.443533058006385251e-04
