-4.760000000000000000e+02 -4.095442295074462891e+00
-4.550000000000000000e+02 -4.076933378605106739e+00
-4.010000000000000000e+02 -4.053253805009237709e+00
-3.390000000000000000e+02 -3.957396646519484307e+00
-3.290000000000000000e+02 -3.923698217668464050e+00
-3.190000000000000000e+02 -3.884379831393958593e+00
-3.140000000000000000e+02 -3.862608238105261549e+00
-3.070000000000000000e+02 -3.834772583870013740e+00
-3.010000000000000000e+02 -3.812356258375217521e+00
-2.920000000000000000e+02 -3.785113465415756107e+00
-2.640000000000000000e+02 -3.740575599511096527e+00
-2.400000000000000000e+02 -3.724602737369627992e+00
-2.000000000000000000e+02 -3.702194282256453750e+00
-1.240000000000000000e+02 -3.660139502726173166e+00
-8.700000000000000000e+01 -3.638661750900212155e+00
-5.300000000000000000e+01 -3.584277525199192294e+00
-4.000000000000000000e+01 -3.535421816657351002e+00
-1.900000000000000000e+01 -3.442969345916194079e+00
2.700000000000000000e+01 -3.260318958631366115e+00
1.480000000000000000e+02 -3.201214641504938285e+00
3.110000000000000000e+02 -2.978262215076712849e+00
3.350000000000000000e+02 -2.894790674078584036e+00
3.870000000000000000e+02 -2.713862657459096717e+00
4.040000000000000000e+02 -2.656095740308394237e+00
4.090000000000000000e+02 -2.643275688135512169e+00
4.240000000000000000e+02 -2.645659254210731781e+00
4.570000000000000000e+02 -2.722104104319712725e+00
4.700000000000000000e+02 -2.727040307705671296e+00
4.770000000000000000e+02 -2.710789738497420220e+00
4.810000000000000000e+02 -2.699182212637298850e+00
4.900000000000000000e+02 -2.670945207203096583e+00
4.980000000000000000e+02 -2.645407348212629461e+00
5.050000000000000000e+02 -2.623083500710051474e+00
5.140000000000000000e+02 -2.594412665856949296e+00
5.220000000000000000e+02 -2.568944555739399060e+00
5.330000000000000000e+02 -2.534028234613051822e+00
5.380000000000000000e+02 -2.518237203636456645e+00
5.510000000000000000e+02 -2.477218811339008120e+00
5.640000000000000000e+02 -2.438293677758625932e+00
5.730000000000000000e+02 -2.416145171639896283e+00
5.850000000000000000e+02 -2.392151959811274597e+00
6.040000000000000000e+02 -2.361287726636750239e+00
6.260000000000000000e+02 -2.327974464878699301e+00
6.660000000000000000e+02 -2.267672539661961917e+00
6.850000000000000000e+02 -2.238834288578531506e+00
6.990000000000000000e+02 -2.217577275635855827e+00
7.080000000000000000e+02 -2.203836255038266412e+00
7.200000000000000000e+02 -2.185541043875271594e+00
7.320000000000000000e+02 -2.167280480035493895e+00
7.470000000000000000e+02 -2.144394206700418248e+00
7.670000000000000000e+02 -2.114090447126012240e+00
7.870000000000000000e+02 -2.083824983861394919e+00
8.040000000000000000e+02 -2.058125811006846106e+00
8.190000000000000000e+02 -2.035636651866570723e+00
8.350000000000000000e+02 -2.011665647326347450e+00
8.490000000000000000e+02 -1.990724835936326098e+00
8.710000000000000000e+02 -1.957742187499944997e+00
9.070000000000000000e+02 -1.904003778619143272e+00
9.390000000000000000e+02 -1.856298650826193164e+00
9.670000000000000000e+02 -1.814857898812622716e+00
9.690000000000000000e+02 -1.811947849155650214e+00
9.940000000000000000e+02 -1.775667340834270469e+00
1.009000000000000000e+03 -1.754202854076699403e+00
1.010000000000000000e+03 -1.752771836547098339e+00
1.024000000000000000e+03 -1.733067936168751988e+00
1.029000000000000000e+03 -1.725965648257533402e+00
1.036000000000000000e+03 -1.716012756961648122e+00
1.065000000000000000e+03 -1.674535472718103879e+00
1.108000000000000000e+03 -1.614384386830842733e+00
1.119000000000000000e+03 -1.599743043756893357e+00
1.135000000000000000e+03 -1.579334310029451238e+00
1.154000000000000000e+03 -1.557031418852340421e+00
1.173000000000000000e+03 -1.537269834555560655e+00
1.181000000000000000e+03 -1.529264032936367368e+00
1.209000000000000000e+03 -1.501098141762292837e+00
1.226000000000000000e+03 -1.483821663747715736e+00
1.238000000000000000e+03 -1.471661055819597941e+00
1.248000000000000000e+03 -1.461639215255939872e+00
1.255000000000000000e+03 -1.454515752167507836e+00
1.286000000000000000e+03 -1.422801992066228260e+00
1.294000000000000000e+03 -1.414611408376545310e+00
1.318000000000000000e+03 -1.389610462311498207e+00
1.323000000000000000e+03 -1.384339812339041575e+00
1.420000000000000000e+03 -1.273563355857738166e+00
1.463000000000000000e+03 -1.215971672066841869e+00
1.509000000000000000e+03 -1.149462199624748937e+00
1.521000000000000000e+03 -1.131772994895101858e+00
1.532000000000000000e+03 -1.115473417201152007e+00
1.594000000000000000e+03 -1.022105165408150995e+00
1.604000000000000000e+03 -1.007040343553996520e+00
1.612000000000000000e+03 -9.949703354970499403e-01
1.645000000000000000e+03 -9.451843294674773244e-01
1.661000000000000000e+03 -9.210040494835818325e-01
1.687000000000000000e+03 -8.816208824042908176e-01
1.700000000000000000e+03 -8.619048977284421431e-01
1.727000000000000000e+03 -8.209106700640885768e-01
1.756000000000000000e+03 -7.769307012439432558e-01
1.785000000000000000e+03 -7.329124777453465134e-01
1.790000000000000000e+03 -7.253422060559407969e-01
1.803000000000000000e+03 -7.056348226354651754e-01
1.829000000000000000e+03 -6.660480871860849916e-01
1.861000000000000000e+03 -6.026200668685274264e-01
1.864000000000000000e+03 -5.940468672423291352e-01
1.867000000000000000e+03 -5.849011268972807986e-01
1.873000000000000000e+03 -5.659403840985628431e-01
1.877000000000000000e+03 -5.533563967391617044e-01
1.882000000000000000e+03 -5.377628592415041320e-01
1.887000000000000000e+03 -5.222685443183092691e-01
1.894000000000000000e+03 -5.005872454453983433e-01
1.904000000000000000e+03 -4.695231027084437736e-01
1.907000000000000000e+03 -4.602135723332672623e-01
1.911000000000000000e+03 -4.478471412926707806e-01
1.912000000000000000e+03 -4.447684845024468814e-01
1.915000000000000000e+03 -4.354182088596847411e-01
1.925000000000000000e+03 -4.043794195355676635e-01
1.934000000000000000e+03 -3.764195746203380377e-01
1.941000000000000000e+03 -3.547060154873706295e-01
1.947000000000000000e+03 -3.362184752518598829e-01
1.954000000000000000e+03 -3.146302902733443263e-01
1.959000000000000000e+03 -2.991902852265669321e-01
1.962000000000000000e+03 -2.898963558256900663e-01
1.965000000000000000e+03 -2.806419464508711492e-01
1.967000000000000000e+03 -2.744691723613865708e-01
1.969000000000000000e+03 -2.682809256426019195e-01
1.971000000000000000e+03 -2.620774703855663912e-01
1.975000000000000000e+03 -2.496621907439006138e-01
1.978000000000000000e+03 -2.403488367110371837e-01
1.983000000000000000e+03 -2.221447843296460167e-01
1.986000000000000000e+03 -1.963912301794007997e-01
1.987000000000000000e+03 -1.785654900816898705e-01
1.988000000000000000e+03 -1.592824666862346361e-01
1.989000000000000000e+03 -1.398156585032435673e-01
1.991000000000000000e+03 -1.016779013273498011e-01
1.993000000000000000e+03 -6.438640668319126070e-02
1.995000000000000000e+03 -3.421830507221934603e-02
2.017000000000000000e+03 -2.881720196455717087e-03
