-4.655000000000000000e+02 -4.092441940801383460e+00
-4.280000000000000000e+02 -4.092441940801383460e+00
-3.700000000000000000e+02 -4.042384085217876510e+00
-3.340000000000000000e+02 -3.942268374050862612e+00
-3.240000000000000000e+02 -3.917239446259109137e+00
-3.165000000000000000e+02 -3.892210518467355662e+00
-3.105000000000000000e+02 -3.867181590675602187e+00
-3.040000000000000000e+02 -3.842152662883848713e+00
-2.965000000000000000e+02 -3.817123735092095238e+00
-2.780000000000000000e+02 -3.792094807300341763e+00
-2.520000000000000000e+02 -3.742036951716834814e+00
-2.200000000000000000e+02 -3.742036951716834814e+00
-1.620000000000000000e+02 -3.717008023925081339e+00
-1.055000000000000000e+02 -3.666950168341574390e+00
-7.000000000000000000e+01 -3.641921240549820915e+00
-4.650000000000000000e+01 -3.566834457174560491e+00
-2.950000000000000000e+01 -3.516776601591053542e+00
4.000000000000000000e+00 -3.441689818215793562e+00
8.750000000000000000e+01 -3.266487323673519239e+00
2.295000000000000000e+02 -3.191400540298258814e+00
3.230000000000000000e+02 -2.966140190172477542e+00
3.610000000000000000e+02 -2.891053406797217118e+00
3.955000000000000000e+02 -2.715850912254943239e+00
4.065000000000000000e+02 -2.665793056671436290e+00
4.165000000000000000e+02 -2.640764128879682815e+00
4.405000000000000000e+02 -2.665793056671436290e+00
4.635000000000000000e+02 -2.715850912254943239e+00
4.735000000000000000e+02 -2.715850912254943239e+00
4.790000000000000000e+02 -2.715850912254943239e+00
4.855000000000000000e+02 -2.690821984463189764e+00
4.940000000000000000e+02 -2.665793056671436290e+00
5.015000000000000000e+02 -2.640764128879682815e+00
5.095000000000000000e+02 -2.615735201087929340e+00
5.180000000000000000e+02 -2.590706273296175866e+00
5.275000000000000000e+02 -2.565677345504422391e+00
5.355000000000000000e+02 -2.540648417712668916e+00
5.445000000000000000e+02 -2.515619489920915441e+00
5.575000000000000000e+02 -2.465561634337408492e+00
5.685000000000000000e+02 -2.440532706545655017e+00
5.790000000000000000e+02 -2.415503778753901543e+00
5.945000000000000000e+02 -2.390474850962148068e+00
6.150000000000000000e+02 -2.365445923170394593e+00
6.460000000000000000e+02 -2.340416995378641118e+00
6.755000000000000000e+02 -2.265330212003380694e+00
6.920000000000000000e+02 -2.240301284211627220e+00
7.035000000000000000e+02 -2.215272356419873745e+00
7.140000000000000000e+02 -2.215272356419873745e+00
7.260000000000000000e+02 -2.190243428628120270e+00
7.395000000000000000e+02 -2.165214500836366796e+00
7.570000000000000000e+02 -2.140185573044613321e+00
7.770000000000000000e+02 -2.115156645252859846e+00
7.955000000000000000e+02 -2.090127717461106371e+00
8.115000000000000000e+02 -2.065098789669352897e+00
8.270000000000000000e+02 -2.040069861877599422e+00
8.420000000000000000e+02 -2.015040934085845947e+00
8.600000000000000000e+02 -1.990012006294092473e+00
8.890000000000000000e+02 -1.964983078502338998e+00
9.230000000000000000e+02 -1.914925222918832048e+00
9.530000000000000000e+02 -1.864867367335325099e+00
9.680000000000000000e+02 -1.814809511751818150e+00
9.815000000000000000e+02 -1.814809511751818150e+00
1.001500000000000000e+03 -1.764751656168311200e+00
1.009500000000000000e+03 -1.764751656168311200e+00
1.017000000000000000e+03 -1.739722728376557725e+00
1.026500000000000000e+03 -1.739722728376557725e+00
1.032500000000000000e+03 -1.714693800584804251e+00
1.050500000000000000e+03 -1.714693800584804251e+00
1.086500000000000000e+03 -1.664635945001297301e+00
1.113500000000000000e+03 -1.614578089417790352e+00
1.127000000000000000e+03 -1.589549161626036877e+00
1.144500000000000000e+03 -1.589549161626036877e+00
1.163500000000000000e+03 -1.564520233834283403e+00
1.177000000000000000e+03 -1.539491306042529928e+00
1.195000000000000000e+03 -1.539491306042529928e+00
1.217500000000000000e+03 -1.514462378250776453e+00
1.232000000000000000e+03 -1.489433450459022978e+00
1.243000000000000000e+03 -1.464404522667269726e+00
1.251500000000000000e+03 -1.464404522667269726e+00
1.270500000000000000e+03 -1.464404522667269726e+00
1.290000000000000000e+03 -1.414346667083762998e+00
1.306000000000000000e+03 -1.414346667083762998e+00
1.320500000000000000e+03 -1.389317739292009524e+00
1.371500000000000000e+03 -1.389317739292009524e+00
1.441500000000000000e+03 -1.289202028124995625e+00
1.486000000000000000e+03 -1.214115244749735201e+00
1.515000000000000000e+03 -1.139028461374474777e+00
1.526500000000000000e+03 -1.139028461374474777e+00
1.563000000000000000e+03 -1.113999533582721302e+00
1.599000000000000000e+03 -1.013883822415707403e+00
1.608000000000000000e+03 -1.013883822415707403e+00
1.628500000000000000e+03 -9.888548946239539283e-01
1.653000000000000000e+03 -9.387970390404469789e-01
1.674000000000000000e+03 -9.137681112486935042e-01
1.693500000000000000e+03 -8.887391834569400295e-01
1.713500000000000000e+03 -8.637102556651865548e-01
1.741500000000000000e+03 -8.136524000816796054e-01
1.770500000000000000e+03 -7.886234722899261307e-01
1.787500000000000000e+03 -7.385656167064191813e-01
1.796500000000000000e+03 -7.385656167064191813e-01
1.816000000000000000e+03 -7.135366889146657066e-01
1.845000000000000000e+03 -6.634788333311587571e-01
1.862500000000000000e+03 -5.883920499558983330e-01
1.865500000000000000e+03 -5.883920499558983330e-01
1.870000000000000000e+03 -5.883920499558983330e-01
1.875000000000000000e+03 -5.633631221641448583e-01
1.879500000000000000e+03 -5.633631221641448583e-01
1.884500000000000000e+03 -5.383341943723913836e-01
1.890500000000000000e+03 -5.133052665806379089e-01
1.899000000000000000e+03 -4.882763387888844342e-01
1.905500000000000000e+03 -4.632474109971309595e-01
1.909000000000000000e+03 -4.632474109971309595e-01
1.911500000000000000e+03 -4.382184832053774848e-01
1.913500000000000000e+03 -4.382184832053774848e-01
1.920000000000000000e+03 -4.382184832053774848e-01
1.929500000000000000e+03 -4.131895554136240101e-01
1.937500000000000000e+03 -3.881606276218707574e-01
1.944000000000000000e+03 -3.631316998301175047e-01
1.950500000000000000e+03 -3.381027720383640300e-01
1.956500000000000000e+03 -3.130738442466105553e-01
1.960500000000000000e+03 -3.130738442466105553e-01
1.963500000000000000e+03 -2.880449164548570806e-01
1.966000000000000000e+03 -2.880449164548570806e-01
1.968000000000000000e+03 -2.880449164548570806e-01
1.970000000000000000e+03 -2.630159886631036059e-01
1.973000000000000000e+03 -2.630159886631036059e-01
1.976500000000000000e+03 -2.379870608713501312e-01
1.980500000000000000e+03 -2.129581330795966565e-01
1.984500000000000000e+03 -1.879292052878431818e-01
1.986500000000000000e+03 -1.629002774960897071e-01
1.987500000000000000e+03 -1.629002774960897071e-01
1.988500000000000000e+03 -1.378713497043362324e-01
1.990000000000000000e+03 -1.378713497043362324e-01
1.992000000000000000e+03 -1.378713497043362324e-01
1.994000000000000000e+03 -1.128424219125827577e-01
2.006000000000000000e+03 -1.128424219125827577e-01
