-4.760000000000000000e+02 -4.115777154913131675e+00 -4.071411040307777007e+00
-4.550000000000000000e+02 -4.095370424885474314e+00 -4.062323910538878202e+00
-4.010000000000000000e+02 -4.071427831832359345e+00 -4.007616986484945798e+00
-3.390000000000000000e+02 -3.978568115758318147e+00 -3.914900245299448134e+00
-3.290000000000000000e+02 -3.949402072337991676e+00 -3.890603466356202134e+00
-3.190000000000000000e+02 -3.903047474848336140e+00 -3.864004943291889926e+00
-3.140000000000000000e+02 -3.876823595343171558e+00 -3.846392070642914884e+00
-3.070000000000000000e+02 -3.854064096869510792e+00 -3.809384453085169930e+00
-3.010000000000000000e+02 -3.836126095912459899e+00 -3.790543082640024597e+00
-2.920000000000000000e+02 -3.813717903807674947e+00 -3.766082956575333984e+00
-2.640000000000000000e+02 -3.770423424405896728e+00 -3.720627223520059257e+00
-2.400000000000000000e+02 -3.748256631860652721e+00 -3.703580990042034227e+00
-2.000000000000000000e+02 -3.720188965388445901e+00 -3.685752740458339005e+00
-1.240000000000000000e+02 -3.684276224505363739e+00 -3.643195324483808673e+00
-8.700000000000000000e+01 -3.666158546000073848e+00 -3.617393649515862286e+00
-5.300000000000000000e+01 -3.607193930991994257e+00 -3.559815382867855149e+00
-4.000000000000000000e+01 -3.561310182122394252e+00 -3.510526993076205748e+00
-1.900000000000000000e+01 -3.462541954890902218e+00 -3.417040060388942813e+00
2.700000000000000000e+01 -3.300205666938575977e+00 -3.236559889450674188e+00
1.480000000000000000e+02 -3.225656095617067898e+00 -3.164972545733000686e+00
3.110000000000000000e+02 -3.002137464582959048e+00 -2.952337224171576402e+00
3.350000000000000000e+02 -2.913557649028462926e+00 -2.875552544133210375e+00
3.870000000000000000e+02 -2.731780020393797415e+00 -2.697213947062446771e+00
4.040000000000000000e+02 -2.676495096739901491e+00 -2.637108893705615742e+00
4.090000000000000000e+02 -2.662255898409029875e+00 -2.622067243888531962e+00
4.240000000000000000e+02 -2.668862880924698811e+00 -2.606867959111605959e+00
4.570000000000000000e+02 -2.766403331612177663e+00 -2.703491563989556479e+00
4.700000000000000000e+02 -2.745942568258530780e+00 -2.712818096401413026e+00
4.770000000000000000e+02 -2.725934998216441141e+00 -2.696940634440751605e+00
4.810000000000000000e+02 -2.713562765529232035e+00 -2.685547895565630672e+00
4.900000000000000000e+02 -2.683948032609195788e+00 -2.658624435049747436e+00
4.980000000000000000e+02 -2.656932758062886535e+00 -2.634468885896904311e+00
5.050000000000000000e+02 -2.633534879508001580e+00 -2.613058692739961053e+00
5.140000000000000000e+02 -2.604036152095706047e+00 -2.584947042236347858e+00
5.220000000000000000e+02 -2.578471105478655989e+00 -2.559302864039192382e+00
5.330000000000000000e+02 -2.544233520013405414e+00 -2.523162149814728306e+00
5.380000000000000000e+02 -2.528925606761941225e+00 -2.506535035745092621e+00
5.510000000000000000e+02 -2.489600271199496451e+00 -2.463594094278245716e+00
5.640000000000000000e+02 -2.451595996879024408e+00 -2.425137092430862840e+00
5.730000000000000000e+02 -2.429037924250261327e+00 -2.403652894205521307e+00
5.850000000000000000e+02 -2.405291601305518778e+00 -2.380698697198268210e+00
6.040000000000000000e+02 -2.374157971851682980e+00 -2.350836026953120772e+00
6.260000000000000000e+02 -2.339263231091289530e+00 -2.318255946392395739e+00
6.660000000000000000e+02 -2.276398502770868859e+00 -2.258692536598106315e+00
6.850000000000000000e+02 -2.246834728899872236e+00 -2.230127197335388889e+00
6.990000000000000000e+02 -2.225183724512394878e+00 -2.208986106472126121e+00
7.080000000000000000e+02 -2.211320297249939948e+00 -2.195367553133403149e+00
7.200000000000000000e+02 -2.192889441400398542e+00 -2.177253489051749202e+00
7.320000000000000000e+02 -2.174535996156083950e+00 -2.159160439756239835e+00
7.470000000000000000e+02 -2.151700794052371801e+00 -2.136513760115089422e+00
7.670000000000000000e+02 -2.121402897673873245e+00 -2.106300853532085515e+00
7.870000000000000000e+02 -2.091236267454660069e+00 -2.076155412355352947e+00
8.040000000000000000e+02 -2.065728807016426583e+00 -2.050452169253059953e+00
8.190000000000000000e+02 -2.043337115159931550e+00 -2.027667180493133436e+00
8.350000000000000000e+02 -2.019561342079691624e+00 -2.003254494249624873e+00
8.490000000000000000e+02 -1.998839960034292318e+00 -1.981810974386502888e+00
8.710000000000000000e+02 -1.966384431573483083e+00 -1.948027105836154904e+00
9.070000000000000000e+02 -1.913239080250194402e+00 -1.893122594250312485e+00
9.390000000000000000e+02 -1.865658748858316063e+00 -1.845768990093030304e+00
9.670000000000000000e+02 -1.824062982066437799e+00 -1.805440749418249391e+00
9.690000000000000000e+02 -1.821107582563945559e+00 -1.802570260850668404e+00
9.940000000000000000e+02 -1.784367086172145456e+00 -1.766849486364471034e+00
1.009000000000000000e+03 -1.762593677452594765e+00 -1.745511648967718266e+00
1.010000000000000000e+03 -1.761152617777456797e+00 -1.744086618199593985e+00
1.024000000000000000e+03 -1.741147503317063139e+00 -1.724033643543809058e+00
1.029000000000000000e+03 -1.734079968419265372e+00 -1.716813613643170422e+00
1.036000000000000000e+03 -1.724256100711383466e+00 -1.706660948334908889e+00
1.065000000000000000e+03 -1.684372256764239628e+00 -1.664206254303700616e+00
1.108000000000000000e+03 -1.627547953150415116e+00 -1.603112322893527120e+00
1.119000000000000000e+03 -1.613647435490331850e+00 -1.588579988133665966e+00
1.135000000000000000e+03 -1.594132542538346575e+00 -1.568457810686246789e+00
1.154000000000000000e+03 -1.571939060974073543e+00 -1.546240936219479556e+00
1.173000000000000000e+03 -1.550366098284017724e+00 -1.525604792378404628e+00
1.181000000000000000e+03 -1.541471652558998207e+00 -1.517062830300980769e+00
1.209000000000000000e+03 -1.511074450759971377e+00 -1.487649158501564095e+00
1.226000000000000000e+03 -1.492780305293451404e+00 -1.470802318202063086e+00
1.238000000000000000e+03 -1.479768660048292217e+00 -1.459678146896768114e+00
1.248000000000000000e+03 -1.468961630480610125e+00 -1.450799096188871928e+00
1.255000000000000000e+03 -1.461627829733550987e+00 -1.444446117670277863e+00
1.286000000000000000e+03 -1.432294585670254916e+00 -1.413490011319284756e+00
1.294000000000000000e+03 -1.425520539639065776e+00 -1.404651683609647206e+00
1.318000000000000000e+03 -1.404730234275200162e+00 -1.377631272278262875e+00
1.323000000000000000e+03 -1.400148050191786453e+00 -1.372013318740713306e+00
1.420000000000000000e+03 -1.292048131699256253e+00 -1.260609342750892203e+00
1.463000000000000000e+03 -1.231993992944317995e+00 -1.204459591897387050e+00
1.509000000000000000e+03 -1.162442583862079992e+00 -1.139574466862053548e+00
1.521000000000000000e+03 -1.143962329183181970e+00 -1.122148688856426046e+00
1.532000000000000000e+03 -1.126960775763667266e+00 -1.106080090847213482e+00
1.594000000000000000e+03 -1.031193804940159664e+00 -1.014708799621759416e+00
1.604000000000000000e+03 -1.015841569932132593e+00 -9.998545726163858838e-01
1.612000000000000000e+03 -1.003589240780978109e+00 -9.879417321568113586e-01
1.645000000000000000e+03 -9.533610726333275887e-01 -9.384885756600488405e-01
1.661000000000000000e+03 -9.292042334233598933e-01 -9.143150756483866548e-01
1.687000000000000000e+03 -8.902236068988953477e-01 -8.747589009378853309e-01
1.700000000000000000e+03 -8.708512578498479595e-01 -8.548628493696657227e-01
1.727000000000000000e+03 -8.308293536073205754e-01 -8.133273061757817501e-01
1.756000000000000000e+03 -7.880966990109692372e-01 -7.684612209331826982e-01
1.785000000000000000e+03 -7.455526465048525342e-01 -7.234065336002906133e-01
1.790000000000000000e+03 -7.382320722634108101e-01 -7.156238768349996171e-01
1.803000000000000000e+03 -7.192141586674170028e-01 -6.953747347976428905e-01
1.829000000000000000e+03 -6.805848247275242402e-01 -6.548833295788184516e-01
1.861000000000000000e+03 -6.109007761391880287e-01 -5.900350626269068588e-01
1.864000000000000000e+03 -6.022364983451465870e-01 -5.815155302125259995e-01
1.867000000000000000e+03 -5.932406699011454343e-01 -5.728007749864798548e-01
1.873000000000000000e+03 -5.747289725209140387e-01 -5.550654323307290250e-01
1.877000000000000000e+03 -5.621538342230457674e-01 -5.431437692832762343e-01
1.882000000000000000e+03 -5.462799567080444119e-01 -5.282297045750162789e-01
1.887000000000000000e+03 -5.303456796256112993e-01 -5.133157044834463223e-01
1.894000000000000000e+03 -5.080734610910642157e-01 -4.923913732222908179e-01
1.904000000000000000e+03 -4.764120409292303404e-01 -4.623434365330343909e-01
1.907000000000000000e+03 -4.669580568190558334e-01 -4.532846135879138871e-01
1.911000000000000000e+03 -4.543903384482854690e-01 -4.411685892182741764e-01
1.912000000000000000e+03 -4.512555951644381391e-01 -4.381323968170033334e-01
1.915000000000000000e+03 -4.418696849843954944e-01 -4.290054999417080017e-01
1.925000000000000000e+03 -4.107980296310228541e-01 -3.983677984439876196e-01
1.934000000000000000e+03 -3.831324538066505081e-01 -3.704949531024424036e-01
1.941000000000000000e+03 -3.618036963091080804e-01 -3.486271608042258996e-01
1.947000000000000000e+03 -3.436384728025476121e-01 -3.297667702001857992e-01
1.954000000000000000e+03 -3.225606064116084970e-01 -3.076480867953469978e-01
1.959000000000000000e+03 -3.075680146391190917e-01 -2.917860001423192573e-01
1.962000000000000000e+03 -2.985937454965401083e-01 -2.822474622295651492e-01
1.965000000000000000e+03 -2.896335094112225672e-01 -2.726948912595226204e-01
1.967000000000000000e+03 -2.836671077997643953e-01 -2.663194215007511079e-01
1.969000000000000000e+03 -2.777059220624328861e-01 -2.599387358679293158e-01
1.971000000000000000e+03 -2.717459590107288436e-01 -2.535424781873462097e-01
1.975000000000000000e+03 -2.598353038738862031e-01 -2.406975772992065721e-01
1.978000000000000000e+03 -2.509067667073684449e-01 -2.309353601453707217e-01
1.983000000000000000e+03 -2.352890499803196311e-01 -2.121684225847804695e-01
1.986000000000000000e+03 -2.186055834600731385e-01 -1.850317847195566689e-01
1.987000000000000000e+03 -2.040087497815828432e-01 -1.660687435463805706e-01
1.988000000000000000e+03 -1.813686057494032500e-01 -1.430269528552777503e-01
1.989000000000000000e+03 -1.532749855047081944e-01 -1.162721641768840741e-01
1.991000000000000000e+03 -1.060681762559812086e-01 -6.491179306794532533e-02
1.993000000000000000e+03 -7.823299125936242215e-02 -3.736893261697347979e-02
1.995000000000000000e+03 -7.057956072811100157e-02 -2.796739267561665354e-02
2.017000000000000000e+03 -4.407720607857511935e-02 -6.309231038716910100e-03
